#NBA1
1544.0,
1093.0,
1555.0,
1484.0,
2420.0,
1468.0,
2295.0,
1080.0,       
1580.0,
1143.0,
1884.0,
1475.0,
2624.0,
1360.0,
2249.0,
1049.0

:2D
2675, 820, 2699, 1100, 2580, 765, 2610, 1023

#NBA2
1659.0,
782.0,
1728.0,
1017.0,
2143.0,
1151.0,
1974.0,
672.0,
2112.0,
765.0,
1838.0,
982.0,
2014.0,
1178.0,
2570.0,
718.0,

#NBA2-HALF
1280,
413,
997,
485,
930,
594,
1552,
433,
1079,
384,
927,
491,
1003,
594,
1315,
366

#world_pts = [291.0.0, 514.0, 291.0, 780.0, 513.0, 780.0, 513.0, 515.0 ] #NBA2


#USOPEN4
2041.0,
689.0,
2962.0,
1155.0,
2157.0,
1418.0,
1275.0,
899.0,
2731.0,
907.0,
2287.0,
1537.0,
1372.0,
1345.0,
1923.0,
762.0,

#NCAA
1268.43017578125,
202.1419677734375,
86.86054992675781,
1432.490966796875,
2549.139892578125,
1560.011962890625,
2595.35498046875,
237.71246337890625                            
708.0,
183.0,
120.0,
1614.0,
2766.0,
1485.0,
2091.0,
144.0

#TKD
2214,
741,
901,
1281,
2466,
1429,
2988,
1178,
2913,
1276,
1657,
751,
870,
1183,
1362,
1433

:2D
860, 736, 853, 1280, 1688, 294, 1623, 727
860, 736, 839, 1226, 1688, 294, 1715, 727

#SOCCER3
850,
1095,
402,
1160,
1224,
1576,
1801,
1435,
773,
1164,
284,
1290,
1736,
1837,
2201,
1555

#SOCCER4
2428,
927,
569,
1404,
2079,
1335,
2766,
1078,
2689,
933,
277,
1347,
1764,
1395,
2842,
1137

#VOLLEYBALL
1616,
1178,
1224,
1217,
1832,
1501,
2375,
1421,
1760,
1164,
1374,
1187,
1554,
1518,
2182,
1459

:2D
2514, 1040, 2518, 1470, 2272, 1076, 2281, 1528

WORLD
800, 240, 800, 0, 0, 0, 0, 240
